0.0299042 0.0516586 0.035062 0.42157 0.892424 0.870588 
0.0419978 0.048839 0.0523054 0.303737 0.61911 0.694156 
0.0171017 0.0281187 0.0168214 0.489721 0.910485 0.912492 
0.0273019 0.0253991 0.0257837 0.317515 0.810838 0.80744 
0.0275119 0.0415861 0.0403321 0.140105 0.267879 0.280316 
0.0263555 0.0471242 0.0324038 0.356128 0.858219 0.832531 
0.0508766 0.0687872 0.0658467 0.370919 0.564555 0.622999 
0.0277147 0.0441545 0.0283837 0.490095 0.993926 0.971958 
0.0206187 0.025908 0.0207244 0.318504 0.824429 0.829834 
0.0215484 0.0420484 0.0228112 0.517493 0.944645 0.925638 
0.0164212 0.0232154 0.0163137 0.355783 0.92897 0.931858 
0.029802 0.0386754 0.0328794 0.323034 0.662197 0.656997 
0.0201299 0.037474 0.0216969 0.468606 0.963556 0.953049 
0.165891 0.193612 0.226349 0.358995 0.133642 0.160813 
0.0213651 0.03053 0.0261823 0.320404 0.733218 0.81044 
0.0338601 0.052062 0.0471321 0.172815 0.267964 0.265819 
0.0249235 0.0333504 0.0235197 0.480458 0.993988 0.976583 
0.0226429 0.0449979 0.0241855 0.561668 0.978881 0.961659 
0.0262638 0.0489415 0.0325339 0.42216 0.940674 0.924414 
0.055631 0.063709 0.0709226 0.26997 0.407124 0.424876 
0.0223922 0.0316802 0.0212991 0.489106 0.979606 0.965949 
0.0244436 0.03648 0.0234149 0.517357 0.996355 0.975919 
0.0306981 0.0415874 0.0339121 0.427845 0.737988 0.754813 
0.020239 0.0239048 0.0239231 0.206014 0.633998 0.691684 
0.0778335 0.0929319 0.102904 0.332831 0.370389 0.41794 
0.0223926 0.0395944 0.0232469 0.465304 0.966086 0.947448 
0.0273673 0.0425746 0.0273735 0.505661 0.996702 0.974974 
0.0264513 0.0311419 0.0267757 0.358509 0.725408 0.720574 
0.040105 0.0518984 0.044091 0.473083 0.750525 0.758149 
0.0246473 0.0354472 0.0310875 0.293771 0.771938 0.825812 
0.0467741 0.0611027 0.0555236 0.440902 0.64741 0.666851 
0.0240325 0.0300238 0.0350879 0.0991431 0.226262 0.317867 
0.131622 0.16205 0.178694 0.407951 0.279118 0.328346 
0.0563526 0.0681363 0.0736419 0.287186 0.451537 0.504562 
0.0292706 0.0744714 0.0375775 0.511373 0.916064 0.895198 
0.0302566 0.0387975 0.0336759 0.336085 0.771242 0.779956 
0.0303041 0.029693 0.0292933 0.353555 0.831224 0.829253 
0.0261977 0.0325179 0.0321678 0.226574 0.602045 0.655595 
0.0190258 0.0270321 0.0218379 0.300043 0.700745 0.745947 
0.0871067 0.107517 0.117791 0.333367 0.353695 0.448493 
0.0234003 0.0409068 0.0232254 0.574469 0.993446 0.974598 
0.0231901 0.0317082 0.0222317 0.449216 0.944117 0.936732 
0.0995702 0.126814 0.136685 0.352459 0.339897 0.379451 
0.0235873 0.0391438 0.0251956 0.48006 0.852826 0.861212 
0.0513943 0.0594002 0.065749 0.263552 0.438841 0.469422 
0.0546113 0.0645523 0.071809 0.287951 0.505714 0.610518 
0.116173 0.149249 0.158396 0.413771 0.351459 0.384432 
0.0180344 0.0226679 0.0171637 0.4009 0.933745 0.941532 
0.0973026 0.128191 0.132069 0.414885 0.419477 0.482499 
0.0297873 0.065844 0.0338372 0.60746 0.994474 0.966414 
0.0282342 0.0543497 0.0299551 0.588731 0.995611 0.970403 
0.0178852 0.0326439 0.0194635 0.40675 0.974947 0.962426 
0.0830181 0.0956849 0.109335 0.301797 0.388243 0.438206 
0.0213026 0.0308615 0.0260341 0.262979 0.636732 0.689329 
0.174927 0.205061 0.240263 0.344123 0.0691246 0.114915 
0.0209808 0.0355493 0.0244248 0.342765 0.924834 0.914474 
0.0344254 0.0790298 0.0396321 0.653947 0.96481 0.931063 
0.024744 0.0365835 0.0239642 0.490566 0.980079 0.965353 
0.0213622 0.0369853 0.0220941 0.479625 0.995247 0.974868 
0.0692927 0.0955164 0.0944253 0.322182 0.449044 0.473738 
0.036298 0.0417661 0.0414948 0.357083 0.734237 0.763481 
0.0278814 0.0310254 0.0281631 0.311214 0.780273 0.764816 
0.0208626 0.0256843 0.0205623 0.329949 0.883905 0.884371 
0.0193092 0.0333991 0.0237327 0.263179 0.665514 0.688241 
0.0534921 0.0634428 0.0743287 0.149993 0.116086 0.11484 
0.027443 0.0364482 0.0273205 0.467811 0.866025 0.861899 
0.0166034 0.0242699 0.0159954 0.403854 0.916099 0.923554 
0.0195903 0.0328245 0.0203192 0.420925 0.985327 0.970715 
0.0490019 0.0636789 0.0593221 0.412092 0.660504 0.679135 
0.0218498 0.0354727 0.02262 0.425063 0.969481 0.955445 
0.0210077 0.0253578 0.026969 0.184264 0.433153 0.506702 
0.0412171 0.047277 0.0528822 0.252639 0.542071 0.640017 
0.0235945 0.0393845 0.0327403 0.281906 0.793593 0.820423 
0.0304988 0.0554072 0.0360546 0.475328 0.904986 0.890759 
0.0269615 0.0595016 0.0318489 0.491334 0.904897 0.888877 
0.0974687 0.117904 0.133022 0.317363 0.307297 0.419182 
0.0279617 0.05698 0.0301942 0.600272 0.997414 0.970922 
0.0287685 0.036817 0.0324556 0.314921 0.719333 0.723094 
0.114012 0.139046 0.154849 0.366505 0.314705 0.351778 
0.0489693 0.0622129 0.0648077 0.243611 0.319242 0.33936 
0.0159184 0.0294734 0.021328 0.265093 0.816058 0.85737 
0.0873109 0.10898 0.120503 0.311522 0.369967 0.429455 
0.0364517 0.0447069 0.0475376 0.244329 0.553573 0.660477 
0.0242881 0.0401771 0.0263925 0.424034 0.9734 0.956293 
0.0231036 0.0287049 0.0238842 0.294799 0.75079 0.744335 
0.0274087 0.0514188 0.03844 0.325702 0.763557 0.77707 
0.027953 0.0553611 0.0295721 0.604377 0.996439 0.971259 
0.025636 0.028951 0.0265125 0.329617 0.77092 0.782766 
0.0285943 0.0394107 0.0372412 0.287698 0.709609 0.779698 
0.0922366 0.109117 0.124212 0.321678 0.379287 0.474171 
0.017131 0.0316867 0.0176576 0.486209 0.982336 0.968022 
0.0275828 0.0526228 0.0357913 0.387674 0.793211 0.810091 
0.0790666 0.095488 0.103897 0.354511 0.460964 0.510496 
0.0215508 0.038752 0.0214929 0.567565 0.993968 0.973839 
0.0594426 0.0891912 0.0836815 0.33505 0.501778 0.531912 
0.0300409 0.0452794 0.0293411 0.521845 0.966597 0.946328 
0.0320636 0.037519 0.0385463 0.225178 0.408974 0.402019 
0.0421824 0.0679511 0.0562863 0.385518 0.714196 0.729262 
0.0382319 0.0516595 0.0496508 0.27988 0.515195 0.576088 
0.0287237 0.0312475 0.0301047 0.346688 0.7885 0.806118 
0.0254517 0.0355321 0.0244313 0.499344 0.982869 0.966954 
0.0176812 0.0333017 0.0207533 0.352372 0.95132 0.9457 
0.167409 0.197795 0.230427 0.357634 0.124282 0.222311 
0.0390774 0.0457355 0.053377 0.135351 0.150724 0.152237 
0.0126946 0.0193913 0.0149515 0.236024 0.760068 0.818025 
0.0587663 0.0765545 0.0789751 0.316869 0.516982 0.598349 
0.0466468 0.0565373 0.0637052 0.183505 0.301534 0.38562 
0.0233142 0.032549 0.0230229 0.434405 0.945949 0.934512 
0.0296741 0.0444585 0.0302234 0.501114 0.989531 0.968655 
0.0196665 0.0345736 0.0204725 0.44074 0.918892 0.916579 
0.0288529 0.0391723 0.0401802 0.172564 0.394061 0.430863 
0.019242 0.0396384 0.021228 0.449998 0.971649 0.955067 
0.0492694 0.0601417 0.0593756 0.399146 0.574548 0.592135 
0.0404644 0.0533038 0.0573934 0.172974 0.229416 0.221659 
0.022122 0.0250407 0.0200149 0.419919 0.963551 0.951224 
0.0900708 0.106301 0.120288 0.304739 0.303815 0.33702 
0.101552 0.118255 0.13724 0.278622 0.187635 0.209078 
0.0277008 0.044616 0.0289827 0.484087 0.990157 0.969109 
0.0222235 0.0296119 0.0214452 0.39315 0.968975 0.957025 
0.0449452 0.0549342 0.0594438 0.305247 0.533513 0.676466 
0.0623234 0.0750797 0.08571 0.211982 0.273619 0.376158 
0.0238742 0.0275766 0.0218937 0.415575 0.971793 0.958851 
0.0531419 0.061912 0.0676086 0.305266 0.535525 0.596913 
0.0477324 0.0618956 0.0635822 0.222305 0.304716 0.307465 
0.0276196 0.0390451 0.0297652 0.392061 0.836701 0.832288 
0.0257895 0.0511717 0.0286198 0.494542 0.899479 0.888996 
0.0373363 0.0796332 0.0487089 0.378593 0.586748 0.547742 
0.0259166 0.0482938 0.0264107 0.624209 0.995336 0.972589 
0.149488 0.176373 0.206266 0.289909 0.0509022 0.0742422 
0.0268387 0.0317525 0.024257 0.522646 0.936385 0.92181 
0.0305158 0.0433318 0.0311436 0.469243 0.779583 0.760981 
0.146063 0.172132 0.201064 0.310713 0.12077 0.180287 
0.028821 0.0340064 0.0406416 0.102116 0.117781 0.126579 
0.132522 0.154242 0.182784 0.250189 0.0297559 0.0375156 
0.0201889 0.0257586 0.0192973 0.423973 0.913724 0.921204 
0.0185178 0.0403027 0.0209721 0.436856 0.950227 0.938469 
0.103857 0.125866 0.145056 0.24188 0.11947 0.120054 
0.0262873 0.036189 0.0314074 0.294739 0.762275 0.785849 
0.026062 0.0577606 0.0291384 0.59039 0.995055 0.968064 
0.0487224 0.0585464 0.0696498 0.120325 0.0619431 0.0636679 
0.018146 0.0345906 0.0204399 0.37663 0.795899 0.816057 
0.147037 0.172009 0.200505 0.35474 0.210076 0.29532 
0.0198715 0.0272365 0.0217371 0.278587 0.75577 0.768069 
0.0309789 0.0410797 0.0345847 0.400599 0.733101 0.749709 
0.0278974 0.0481477 0.0280274 0.557658 0.974612 0.954487 
0.0683478 0.0821238 0.0917507 0.310445 0.420181 0.560945 
0.0347552 0.0469219 0.0481561 0.197307 0.379575 0.37358 
0.0322576 0.0612165 0.042112 0.361642 0.737692 0.738031 
0.0163162 0.0270847 0.0180489 0.340175 0.880625 0.890243 
0.0317726 0.0729974 0.0371746 0.605995 0.979996 0.950904 
0.0572158 0.0671185 0.0716422 0.327165 0.473636 0.494339 
0.0650115 0.076382 0.0895869 0.169628 0.116755 0.126699 
0.0272584 0.0481937 0.03099 0.435864 0.960097 0.940235 
0.0247285 0.0409431 0.0240686 0.595549 0.987363 0.968047 
0.0408059 0.0466132 0.0524838 0.23056 0.463028 0.530644 
0.0580486 0.069122 0.0793492 0.209195 0.330732 0.455826 
0.042677 0.0504188 0.0515688 0.288365 0.520076 0.52403 
0.0714412 0.0897436 0.092911 0.385238 0.50273 0.553876 
0.0901673 0.105893 0.124115 0.227047 0.153165 0.225893 
0.0224344 0.049023 0.0270626 0.42441 0.912628 0.890054 
0.0268793 0.0454992 0.0265926 0.566665 0.976112 0.953495 
0.0471414 0.0529092 0.054258 0.426022 0.668565 0.686936 
0.0235653 0.0426249 0.0241153 0.548795 0.996864 0.973739 
0.0930025 0.113497 0.130131 0.201441 0.083191 0.107906 
0.0513086 0.0634565 0.0675418 0.294147 0.555492 0.645923 
0.0183362 0.0253208 0.0171359 0.441041 0.950651 0.94571 
0.0487987 0.0744767 0.0619016 0.406351 0.596785 0.604236 
0.0235034 0.0503695 0.0267989 0.518686 0.975509 0.952569 
0.0167182 0.033437 0.0188569 0.387301 0.94969 0.945731 
0.0342442 0.041502 0.0414124 0.291589 0.694968 0.732634 
0.167657 0.197728 0.228674 0.389079 0.162161 0.208441 
0.0164995 0.0211183 0.0152795 0.392689 0.973332 0.9656 
0.0213349 0.0239092 0.0199706 0.368789 0.886108 0.886689 
0.024086 0.0274686 0.0244816 0.360065 0.860237 0.883011 
0.0924384 0.109053 0.124062 0.29223 0.24962 0.270962 
0.0471119 0.0662036 0.062155 0.352851 0.621843 0.631474 
0.0281077 0.0536575 0.0295854 0.607343 0.995509 0.970061 
0.0254209 0.0492163 0.0293168 0.419224 0.889532 0.868752 
0.0257037 0.0491738 0.0316907 0.396711 0.92141 0.91085 
0.0194985 0.0355568 0.0257568 0.301592 0.841608 0.867053 
0.0570962 0.0692153 0.0775767 0.229214 0.406607 0.441877 
0.0244218 0.0491626 0.0274273 0.513453 0.991891 0.96922 
0.0551924 0.0641015 0.0777297 0.124112 0.0312422 0.0336051 
0.0247956 0.0335544 0.0286149 0.35631 0.715206 0.764342 
0.0311089 0.0501923 0.0327034 0.495654 0.973069 0.949322 
0.0531678 0.0619463 0.0755099 0.115749 0.0174831 0.0170129 
0.057041 0.0671018 0.0707451 0.375141 0.559388 0.594297 
0.0508509 0.0587351 0.0648248 0.251874 0.373845 0.383401 
0.092173 0.129441 0.128251 0.337361 0.318167 0.316359 
0.0309749 0.0556577 0.0401568 0.356565 0.793594 0.778231 
0.0374134 0.0445208 0.0530463 0.107701 0.0716582 0.0726559 
0.0250317 0.0280438 0.0255024 0.329248 0.798363 0.805707 
0.0229283 0.029879 0.0220496 0.404949 0.978193 0.963568 
0.0304639 0.0481531 0.0358127 0.352911 0.697801 0.693402 
0.023538 0.0401055 0.0235504 0.542859 0.992912 0.974057 
0.158809 0.198152 0.218077 0.390185 0.1603 0.172931 
0.0263521 0.0519899 0.0277756 0.596081 0.996441 0.971966 
0.0999811 0.125305 0.137507 0.286978 0.215088 0.254188 
0.0236535 0.038317 0.0226721 0.620015 0.99198 0.973317 
0.0561164 0.0641941 0.0740304 0.214291 0.243047 0.248866 

